Temperature
5.000000000000000000e+04
5.829572005899154465e+04
6.796781954392633634e+04
7.924465962305568974e+04
9.239248987111452152e+04
1.077217345015940955e+05
1.255943215754790872e+05
1.464322282312618336e+05
1.707274436916800041e+05
1.990535852767484321e+05
2.320794416806390800e+05
2.705847632732318598e+05
3.154786722400964354e+05
3.678211272298209951e+05
4.288479492954472080e+05
4.999999999999999418e+05
5.829572005899155047e+05
6.796781954392619664e+05
7.924465962305569556e+05
9.239248987111452734e+05
1.077217345015940955e+06
1.255943215754790930e+06
1.464322282312618569e+06
1.707274436916800216e+06
1.990535852767484263e+06
2.320794416806390509e+06
2.705847632732318249e+06
3.154786722400964703e+06
3.678211272298210301e+06
4.288479492954472080e+06
4.999999999999999069e+06
5.829572005899154581e+06
6.796781954392619431e+06
7.924465962305570021e+06
9.239248987111452967e+06
1.077217345015943237e+07
1.255943215754790977e+07
1.464322282312618382e+07
1.707274436916800216e+07
1.990535852767484263e+07
2.320794416806386039e+07
2.705847632732318342e+07
3.154786722400964424e+07
3.678211272298210114e+07
4.288479492954472452e+07
5.000000000000000000e+07
