z [Mm]	log(T) [K]
-2.513907909393310547e+00	4.319807052612304688e+00	1.111672027036547661e-03
-2.491873979568481445e+00	4.317502975463867188e+00	1.024561584927141666e-03
-2.469969987869262695e+00	4.315493106842041016e+00	1.003409386612474918e-03
-2.448189973831176758e+00	4.313532829284667969e+00	1.027233316563069820e-03
-2.426533937454223633e+00	4.311542987823486328e+00	1.053600106388330460e-03
-2.405002117156982422e+00	4.309566497802734375e+00	1.068604644387960434e-03
-2.383591890335083008e+00	4.307590961456298828e+00	1.087605254724621773e-03
-2.362303972244262695e+00	4.305625915527343750e+00	1.105435425415635109e-03
-2.341133117675781250e+00	4.303669452667236328e+00	1.126004150137305260e-03
-2.320080995559692383e+00	4.301726818084716797e+00	1.154592726379632950e-03
-2.299148082733154297e+00	4.299793243408203125e+00	1.180029241368174553e-03
-2.278328895568847656e+00	4.297864913940429688e+00	1.197343226522207260e-03
-2.257627010345458984e+00	4.295943260192871094e+00	1.209593843668699265e-03
-2.237036943435668945e+00	4.294026851654052734e+00	1.223183353431522846e-03
-2.216556072235107422e+00	4.292115211486816406e+00	1.241705729626119137e-03
-2.196188926696777344e+00	4.290206909179687500e+00	1.264631631784141064e-03
-2.175932884216308594e+00	4.288298130035400391e+00	1.287503982894122601e-03
-2.155783891677856445e+00	4.286397933959960938e+00	1.317007699981331825e-03
-2.135741949081420898e+00	4.284502506256103516e+00	1.339156180620193481e-03
-2.115809917449951172e+00	4.282616615295410156e+00	1.359987654723227024e-03
-2.095980882644653320e+00	4.280726432800292969e+00	1.377061242237687111e-03
-2.076252937316894531e+00	4.278841018676757812e+00	1.398434164002537727e-03
-2.056631088256835938e+00	4.276968479156494141e+00	1.423892914317548275e-03
-2.037111043930053711e+00	4.275091171264648438e+00	1.452028285712003708e-03
-2.017689943313598633e+00	4.273211002349853516e+00	1.484727603383362293e-03
-1.998368978500366211e+00	4.271337985992431641e+00	1.516081276349723339e-03
-1.979146122932434082e+00	4.269464492797851562e+00	1.543280784972012043e-03
-1.960023045539855957e+00	4.267596721649169922e+00	1.572338864207267761e-03
-1.940995931625366211e+00	4.265729904174804688e+00	1.600600196979939938e-03
-1.922062993049621582e+00	4.263864517211914062e+00	1.634301384910941124e-03
-1.903223991394042969e+00	4.262005805969238281e+00	1.666405703872442245e-03
-1.884476900100708008e+00	4.260141849517822266e+00	1.702146255411207676e-03
-1.865825057029724121e+00	4.258273601531982422e+00	1.755230012349784374e-03
-1.847259044647216797e+00	4.256410121917724609e+00	1.804822240956127644e-03
-1.828788042068481445e+00	4.254556179046630859e+00	1.844052341766655445e-03
-1.810402989387512207e+00	4.252706050872802734e+00	1.878078677691519260e-03
-1.792106032371520996e+00	4.250850677490234375e+00	1.918145455420017242e-03
-1.773898839950561523e+00	4.249002456665039062e+00	1.963920192793011665e-03
-1.755774974822998047e+00	4.247160434722900391e+00	2.006150782108306885e-03
-1.737737059593200684e+00	4.245320320129394531e+00	2.046965062618255615e-03
-1.719782829284667969e+00	4.243479728698730469e+00	2.094940515235066414e-03
-1.701912045478820801e+00	4.241643905639648438e+00	2.140904311090707779e-03
-1.684123039245605469e+00	4.239810943603515625e+00	2.181179355829954147e-03
-1.666414022445678711e+00	4.237981319427490234e+00	2.220301423221826553e-03
-1.648784995079040527e+00	4.236146450042724609e+00	2.257032785564661026e-03
-1.631236910820007324e+00	4.234307765960693359e+00	2.303776564076542854e-03
-1.613765954971313477e+00	4.232470512390136719e+00	2.364922780543565750e-03
-1.596371054649353027e+00	4.230631828308105469e+00	2.428944222629070282e-03
-1.579053878784179688e+00	4.228791713714599609e+00	2.489089500159025192e-03
-1.561812043190002441e+00	4.226957321166992188e+00	2.543666400015354156e-03
-1.544644951820373535e+00	4.225128650665283203e+00	2.592864679172635078e-03
-1.527549862861633301e+00	4.223298072814941406e+00	2.645821776241064072e-03
-1.510529160499572754e+00	4.221461772918701172e+00	2.704520942643284798e-03
-1.493579983711242676e+00	4.219622135162353516e+00	2.781296381726861000e-03
-1.476701855659484863e+00	4.217782974243164062e+00	2.865531714633107185e-03
-1.459892988204956055e+00	4.215941429138183594e+00	2.952249720692634583e-03
-1.443155050277709961e+00	4.214099407196044922e+00	3.035290865227580070e-03
-1.426483035087585449e+00	4.212261676788330078e+00	3.110725898295640945e-03
-1.409880042076110840e+00	4.210426807403564453e+00	3.187000285834074020e-03
-1.393343091011047363e+00	4.208589553833007812e+00	3.260025288909673691e-03
-1.376871943473815918e+00	4.206745147705078125e+00	3.339353716000914574e-03
-1.360465168952941895e+00	4.204901695251464844e+00	3.426237963140010834e-03
-1.344123959541320801e+00	4.203063488006591797e+00	3.501008264720439911e-03
-1.327846050262451172e+00	4.201224327087402344e+00	3.572960617020726204e-03
-1.311630964279174805e+00	4.199378967285156250e+00	3.652598243206739426e-03
-1.295475959777832031e+00	4.197538375854492188e+00	3.736392362043261528e-03
-1.279384016990661621e+00	4.195693969726562500e+00	3.821367397904396057e-03
-1.263349056243896484e+00	4.193850994110107422e+00	3.899985458701848984e-03
-1.247375965118408203e+00	4.192008018493652344e+00	3.968879114836454391e-03
-1.231462001800537109e+00	4.190170764923095703e+00	4.035763442516326904e-03
-1.215603947639465332e+00	4.188323497772216797e+00	4.110614303499460220e-03
-1.199805021286010742e+00	4.186466217041015625e+00	4.200269933789968491e-03
-1.184061050415039062e+00	4.184602737426757812e+00	4.300761036574840546e-03
-1.168373942375183105e+00	4.182734966278076172e+00	4.413321148604154587e-03
-1.152740955352783203e+00	4.180858135223388672e+00	4.533769097179174423e-03
-1.137161970138549805e+00	4.178972721099853516e+00	4.662180785089731216e-03
-1.121634960174560547e+00	4.177085876464843750e+00	4.809063393622636795e-03
-1.106163024902343750e+00	4.175194740295410156e+00	4.959704354405403137e-03
-1.090741038322448730e+00	4.173296451568603516e+00	5.114329047501087189e-03
-1.075371980667114258e+00	4.171390533447265625e+00	5.280402023345232010e-03
-1.060052990913391113e+00	4.169477462768554688e+00	5.463541019707918167e-03
-1.044782996177673340e+00	4.167562007904052734e+00	5.638531409204006195e-03
-1.029562950134277344e+00	4.165639877319335938e+00	5.817016121000051498e-03
-1.014392018318176270e+00	4.163718700408935547e+00	6.000202149152755737e-03
-9.992688894271850586e-01	4.161796569824218750e+00	6.180504336953163147e-03
-9.841933250427246094e-01	4.159871101379394531e+00	6.354698445647954941e-03
-9.691634178161621094e-01	4.157942771911621094e+00	6.523405667394399643e-03
-9.541792869567871094e-01	4.156013488769531250e+00	6.687378045171499252e-03
-9.392408728599548340e-01	4.154073715209960938e+00	6.852129474282264709e-03
-9.243474602699279785e-01	4.152117252349853516e+00	7.040007971227169037e-03
-9.094967246055603027e-01	4.150157928466796875e+00	7.252244278788566589e-03
-8.946899771690368652e-01	4.148202419281005859e+00	7.449922617524862289e-03
-8.799251914024353027e-01	4.146236896514892578e+00	7.663222961127758026e-03
-8.652042150497436523e-01	4.144263267517089844e+00	7.890509441494941711e-03
-8.505243659019470215e-01	4.142285346984863281e+00	8.123030886054039001e-03
-8.358844518661499023e-01	4.140292644500732422e+00	8.372386917471885681e-03
-8.212857842445373535e-01	4.138284683227539062e+00	8.639959618449211121e-03
-8.067259192466735840e-01	4.136264324188232422e+00	8.918978273868560791e-03
-7.922062873840332031e-01	4.134236812591552734e+00	9.190779179334640503e-03
-7.777247428894042969e-01	4.132192611694335938e+00	9.475313127040863037e-03
-7.632812857627868652e-01	4.130125045776367188e+00	9.773562662303447723e-03
-7.488760948181152344e-01	4.128034591674804688e+00	1.012097485363483429e-02
-7.345060706138610840e-01	4.125929832458496094e+00	1.048245932906866074e-02
-7.201732993125915527e-01	4.123807907104492188e+00	1.084354985505342484e-02
-7.058748602867126465e-01	4.121662139892578125e+00	1.124493964016437531e-02
-6.916136145591735840e-01	4.119505405426025391e+00	1.165079139173030853e-02
-6.773867011070251465e-01	4.117333889007568359e+00	1.205617934465408325e-02
-6.631941199302673340e-01	4.115132808685302734e+00	1.251423731446266174e-02
-6.490340232849121094e-01	4.112911224365234375e+00	1.299538277089595795e-02
-6.349081993103027344e-01	4.110667705535888672e+00	1.349129341542720795e-02
-6.208137869834899902e-01	4.108399391174316406e+00	1.403025910258293152e-02
-6.067528128623962402e-01	4.106111526489257812e+00	1.457777619361877441e-02
-5.927224159240722656e-01	4.103793621063232422e+00	1.513934973627328873e-02
-5.787243247032165527e-01	4.101433277130126953e+00	1.574814692139625549e-02
-5.647549033164978027e-01	4.099046230316162109e+00	1.640588603913784027e-02
-5.508170127868652344e-01	4.096644878387451172e+00	1.707324944436550140e-02
-5.369086265563964844e-01	4.094213485717773438e+00	1.776823028922080994e-02
-5.230298042297363281e-01	4.091745376586914062e+00	1.851774938404560089e-02
-5.091795921325683594e-01	4.089239120483398438e+00	1.930870302021503448e-02
-4.953570067882537842e-01	4.086704254150390625e+00	2.012489922344684601e-02
-4.815630912780761719e-01	4.084146022796630859e+00	2.096260897815227509e-02
-4.677948653697967529e-01	4.081562519073486328e+00	2.181329019367694855e-02
-4.540553092956542969e-01	4.078959941864013672e+00	2.266993373632431030e-02
-4.403413832187652588e-01	4.076313018798828125e+00	2.356761507689952850e-02
-4.266532659530639648e-01	4.073595046997070312e+00	2.454664930701255798e-02
-4.129920005798339844e-01	4.070804595947265625e+00	2.561967074871063232e-02
-3.993543982505798340e-01	4.067947387695312500e+00	2.678550779819488525e-02
-3.857426047325134277e-01	4.065011978149414062e+00	2.802588045597076416e-02
-3.721547126770019531e-01	4.061984539031982422e+00	2.939486317336559296e-02
-3.585895895957946777e-01	4.058882236480712891e+00	3.083754517138004303e-02
-3.450492918491363525e-01	4.055661678314208984e+00	3.238452970981597900e-02
-3.315328955650329590e-01	4.052310466766357422e+00	3.408221900463104248e-02
-3.180375099182128906e-01	4.048869132995605469e+00	3.590069338679313660e-02
-3.045648932456970215e-01	4.045336723327636719e+00	3.785350546240806580e-02
-2.911143004894256592e-01	4.041703224182128906e+00	3.992029651999473572e-02
-2.776856124401092529e-01	4.037904739379882812e+00	4.211620613932609558e-02
-2.642768919467926025e-01	4.033911705017089844e+00	4.448967799544334412e-02
-2.508901953697204590e-01	4.029729843139648438e+00	4.702433943748474121e-02
-2.375244945287704468e-01	4.025295734405517578e+00	4.975261166691780090e-02
-2.241777926683425903e-01	4.020572662353515625e+00	5.272738263010978699e-02
-2.108501940965652466e-01	4.015570640563964844e+00	5.592769011855125427e-02
-1.975425928831100464e-01	4.010249614715576172e+00	5.937137454748153687e-02
-1.842550933361053467e-01	4.004582405090332031e+00	6.298861652612686157e-02
-1.709856986999511719e-01	3.998467683792114258e+00	6.679255515336990356e-02
-1.577333956956863403e-01	3.991794109344482422e+00	7.076933234930038452e-02
-1.445011943578720093e-01	3.984456777572631836e+00	7.493204623460769653e-02
-1.312842071056365967e-01	3.976384878158569336e+00	7.924775779247283936e-02
-1.180872991681098938e-01	3.967445373535156250e+00	8.358475565910339355e-02
-1.049055978655815125e-01	3.957407951354980469e+00	8.778721094131469727e-02
-9.174010157585144043e-02	3.945939302444458008e+00	9.161187708377838135e-02
-7.859178632497787476e-02	3.932687997817993164e+00	9.473898261785507202e-02
-6.545969098806381226e-02	3.917095661163330078e+00	9.655380994081497192e-02
-5.234380811452865601e-02	3.898984193801879883e+00	9.643413126468658447e-02
-3.924223035573959351e-02	3.878329753875732422e+00	9.341408312320709229e-02
-2.615687064826488495e-02	3.856057167053222656e+00	8.699165284633636475e-02
-1.308675948530435562e-02	3.833443880081176758e+00	7.691820710897445679e-02
-2.904981010942719877e-05	3.812121868133544922e+00	6.420524418354034424e-02
1.301245018839836121e-02	3.793549537658691406e+00	5.132859945297241211e-02
2.604058943688869476e-02	3.778082847595214844e+00	4.040669649839401245e-02
3.905349969863891602e-02	3.765266418457031250e+00	3.231498971581459045e-02
5.205490067601203918e-02	3.754383087158203125e+00	2.661352045834064484e-02
6.504110246896743774e-02	3.744887113571166992e+00	2.268026024103164673e-02
7.801579684019088745e-02	3.736426115036010742e+00	1.999283395707607269e-02
9.097719937562942505e-02	3.728767395019531250e+00	1.821659691631793976e-02
1.039261966943740845e-01	3.721776723861694336e+00	1.712242513895034790e-02
1.168627962470054626e-01	3.715370178222656250e+00	1.657476834952831268e-02
1.297869980335235596e-01	3.709491729736328125e+00	1.647733524441719055e-02
1.427007019519805908e-01	3.704088449478149414e+00	1.674166694283485413e-02
1.556030064821243286e-01	3.699129819869995117e+00	1.731272228062152863e-02
1.684927940368652344e-01	3.694578409194946289e+00	1.811611279845237732e-02
1.813721954822540283e-01	3.690400123596191406e+00	1.909184083342552185e-02
1.942410916090011597e-01	3.686558246612548828e+00	2.020237222313880920e-02
2.070984989404678345e-01	3.683017253875732422e+00	2.141346037387847900e-02
2.199463993310928345e-01	3.679735898971557617e+00	2.270101942121982574e-02
2.327837944030761719e-01	3.676686286926269531e+00	2.403449267148971558e-02
2.456116974353790283e-01	3.673835754394531250e+00	2.538612298667430878e-02
2.584291100502014160e-01	3.671165943145751953e+00	2.674428001046180725e-02
2.712368965148925781e-01	3.668658733367919922e+00	2.810598723590373993e-02
2.840352058410644531e-01	3.666295766830444336e+00	2.948168478906154633e-02
2.968249917030334473e-01	3.664049386978149414e+00	3.087092936038970947e-02
3.096061050891876221e-01	3.661905050277709961e+00	3.228209540247917175e-02
3.223777115345001221e-01	3.659843921661376953e+00	3.371664509177207947e-02
3.351416885852813721e-01	3.657868385314941406e+00	3.516262397170066833e-02
3.478960692882537842e-01	3.655969381332397461e+00	3.661821782588958740e-02
3.606438636779785156e-01	3.654107332229614258e+00	3.808923438191413879e-02
3.733820915222167969e-01	3.652236938476562500e+00	3.952238708734512329e-02
3.861137032508850098e-01	3.650331258773803711e+00	4.091968014836311340e-02
3.988375961780548096e-01	3.648380279541015625e+00	4.227546602487564087e-02
4.115529060363769531e-01	3.646355152130126953e+00	4.364321380853652954e-02
4.242607057094573975e-01	3.644152402877807617e+00	4.518503323197364807e-02
4.369635879993438721e-01	3.641680717468261719e+00	4.688360542058944702e-02
4.496569931507110596e-01	3.638858795166015625e+00	4.871995002031326294e-02
4.623447060585021973e-01	3.635734558105468750e+00	5.059183016419410706e-02
4.750257134437561035e-01	3.632378816604614258e+00	5.250936746597290039e-02
4.876999855041503906e-01	3.628833770751953125e+00	5.447739735245704651e-02
5.003677010536193848e-01	3.625211954116821289e+00	5.649882182478904724e-02
5.130295753479003906e-01	3.621629476547241211e+00	5.860499665141105652e-02
5.256838798522949219e-01	3.618162393569946289e+00	6.080907955765724182e-02
5.383334755897521973e-01	3.614818096160888672e+00	6.312123686075210571e-02
5.509781837463378906e-01	3.611644268035888672e+00	6.547369062900543213e-02
5.636153817176818848e-01	3.608773231506347656e+00	6.780589371919631958e-02
5.762478113174438477e-01	3.606269836425781250e+00	7.007490843534469604e-02
5.888754129409790039e-01	3.604070901870727539e+00	7.235750555992126465e-02
6.014962792396545410e-01	3.602065563201904297e+00	7.464983314275741577e-02
6.141123771667480469e-01	3.600190162658691406e+00	7.684110105037689209e-02
6.267247796058654785e-01	3.598492145538330078e+00	7.893736660480499268e-02
6.393296122550964355e-01	3.597015857696533203e+00	8.095995336771011353e-02
6.519305109977722168e-01	3.595727682113647461e+00	8.295871317386627197e-02
6.645274758338928223e-01	3.594547748565673828e+00	8.498630672693252563e-02
6.771187782287597656e-01	3.593352794647216797e+00	8.704333752393722534e-02
6.897072792053222656e-01	3.592156410217285156e+00	8.912008255720138550e-02
7.022882103919982910e-01	3.591034889221191406e+00	9.131348133087158203e-02
7.148681282997131348e-01	3.589950084686279297e+00	9.365560114383697510e-02
7.274423241615295410e-01	3.588818073272705078e+00	9.609729051589965820e-02
7.400118112564086914e-01	3.587542295455932617e+00	9.851545095443725586e-02
7.525783181190490723e-01	3.586220979690551758e+00	1.008446142077445984e-01
7.651400566101074219e-01	3.584892272949218750e+00	1.030977368354797363e-01
7.776980996131896973e-01	3.583624601364135742e+00	1.053711995482444763e-01
7.902522087097167969e-01	3.582468271255493164e+00	1.076673120260238647e-01
8.028026223182678223e-01	3.581467628479003906e+00	1.099038273096084595e-01
8.153500556945800781e-01	3.580572366714477539e+00	1.120584383606910706e-01
8.278939127922058105e-01	3.579722404479980469e+00	1.141040697693824768e-01
8.404335975646972656e-01	3.578963756561279297e+00	1.161091402173042297e-01
8.529696464538574219e-01	3.578294992446899414e+00	1.181264743208885193e-01
8.655037283897399902e-01	3.577678203582763672e+00	1.201734542846679688e-01
8.780332207679748535e-01	3.577202796936035156e+00	1.222165673971176147e-01
8.905596733093261719e-01	3.576866626739501953e+00	1.242423579096794128e-01
9.030833840370178223e-01	3.576614379882812500e+00	1.262828409671783447e-01
9.156051278114318848e-01	3.576443672180175781e+00	1.282686889171600342e-01
9.281229376792907715e-01	3.576442718505859375e+00	1.301984935998916626e-01
9.406371116638183594e-01	3.576685905456542969e+00	1.320511996746063232e-01
9.531490206718444824e-01	3.577192544937133789e+00	1.338281184434890747e-01
9.656580090522766113e-01	3.578000307083129883e+00	1.355125010013580322e-01
9.781649708747863770e-01	3.579106330871582031e+00	1.370924264192581177e-01
9.906679987907409668e-01	3.580529928207397461e+00	1.386162489652633667e-01
1.003170013427734375e+00	3.582182645797729492e+00	1.401125490665435791e-01
1.015666961669921875e+00	3.584054231643676758e+00	1.416012644767761230e-01
1.028162956237792969e+00	3.586044788360595703e+00	1.430332809686660767e-01
1.040657043457031250e+00	3.588194131851196289e+00	1.444474011659622192e-01
1.053148031234741211e+00	3.590449333190917969e+00	1.458009928464889526e-01
1.065636038780212402e+00	3.592905998229980469e+00	1.471513956785202026e-01
1.078122973442077637e+00	3.595461845397949219e+00	1.483708769083023071e-01
1.090605974197387695e+00	3.598286628723144531e+00	1.496721804141998291e-01
1.103088974952697754e+00	3.601104736328125000e+00	1.507668197154998779e-01
1.115568041801452637e+00	3.604054450988769531e+00	1.517417728900909424e-01
1.128044009208679199e+00	3.607090473175048828e+00	1.525657922029495239e-01
1.140519022941589355e+00	3.610240459442138672e+00	1.533025503158569336e-01
1.152992010116577148e+00	3.613514900207519531e+00	1.539392173290252686e-01
1.165462970733642578e+00	3.616886615753173828e+00	1.544922888278961182e-01
1.177932024002075195e+00	3.620330333709716797e+00	1.549343913793563843e-01
1.190397977828979492e+00	3.623860597610473633e+00	1.552456617355346680e-01
1.202862024307250977e+00	3.627504587173461914e+00	1.554014980792999268e-01
1.215327024459838867e+00	3.631273031234741211e+00	1.554176062345504761e-01
1.227787017822265625e+00	3.635169029235839844e+00	1.553188860416412354e-01
1.240244984626770020e+00	3.639143228530883789e+00	1.551711708307266235e-01
1.252701997756958008e+00	3.643156290054321289e+00	1.549956351518630981e-01
1.265156984329223633e+00	3.647203207015991211e+00	1.548037528991699219e-01
1.277609944343566895e+00	3.651281118392944336e+00	1.545893549919128418e-01
1.290061950683593750e+00	3.655378580093383789e+00	1.544276475906372070e-01
1.302512049674987793e+00	3.659528970718383789e+00	1.543787270784378052e-01
1.314960002899169922e+00	3.663727998733520508e+00	1.545304954051971436e-01
1.327406048774719238e+00	3.667994499206542969e+00	1.548477113246917725e-01
1.339849948883056641e+00	3.672317981719970703e+00	1.553801745176315308e-01
1.352293968200683594e+00	3.676727294921875000e+00	1.561462879180908203e-01
1.364734053611755371e+00	3.681201934814453125e+00	1.571584492921829224e-01
1.377172946929931641e+00	3.685737609863281250e+00	1.585510373115539551e-01
1.389610052108764648e+00	3.690344095230102539e+00	1.603625118732452393e-01
1.402047991752624512e+00	3.695025920867919922e+00	1.625759750604629517e-01
1.414481878280639648e+00	3.699782848358154297e+00	1.651241928339004517e-01
1.426915049552917480e+00	3.704613208770751953e+00	1.678833365440368652e-01
1.439345002174377441e+00	3.709576845169067383e+00	1.710577756166458130e-01
1.451774120330810547e+00	3.714653015136718750e+00	1.747338026762008667e-01
1.464202046394348145e+00	3.719877481460571289e+00	1.789391338825225830e-01
1.476628899574279785e+00	3.725280761718750000e+00	1.839117854833602905e-01
1.489051938056945801e+00	3.730882406234741211e+00	1.897037774324417114e-01
1.501477003097534180e+00	3.736644268035888672e+00	1.961234211921691895e-01
1.513896942138671875e+00	3.742587089538574219e+00	2.030853331089019775e-01
1.526317954063415527e+00	3.748744964599609375e+00	2.106359302997589111e-01
1.538737058639526367e+00	3.755139589309692383e+00	2.188252657651901245e-01
1.551154017448425293e+00	3.761778593063354492e+00	2.277293801307678223e-01
1.563570022583007812e+00	3.768666505813598633e+00	2.371627092361450195e-01
1.575983047485351562e+00	3.775883197784423828e+00	2.473103255033493042e-01
1.588395953178405762e+00	3.783477306365966797e+00	2.581972479820251465e-01
1.600806832313537598e+00	3.791351795196533203e+00	2.696834504604339600e-01
1.613215088844299316e+00	3.799512624740600586e+00	2.816670536994934082e-01
1.625623941421508789e+00	3.807958841323852539e+00	2.938908636569976807e-01
1.638031005859375000e+00	3.816763639450073242e+00	3.064152300357818604e-01
1.650436043739318848e+00	3.825890541076660156e+00	3.191333115100860596e-01
1.662840008735656738e+00	3.835430145263671875e+00	3.321158289909362793e-01
1.675240993499755859e+00	3.845364809036254883e+00	3.453659713268280029e-01
1.687644004821777344e+00	3.855727195739746094e+00	3.588921129703521729e-01
1.700042128562927246e+00	3.866478919982910156e+00	3.726157844066619873e-01
1.712440013885498047e+00	3.877678394317626953e+00	3.865135610103607178e-01
1.724835991859436035e+00	3.889333963394165039e+00	4.007008075714111328e-01
1.737231969833374023e+00	3.901475667953491211e+00	4.151164889335632324e-01
1.749626040458679199e+00	3.914052009582519531e+00	4.297192692756652832e-01
1.762017965316772461e+00	3.926990985870361328e+00	4.443491697311401367e-01
1.774409055709838867e+00	3.940208911895751953e+00	4.588030278682708740e-01
1.786798119544982910e+00	3.953706979751586914e+00	4.730130434036254883e-01
1.799185872077941895e+00	3.967615365982055664e+00	4.870764911174774170e-01
1.811573863029479980e+00	3.982131958007812500e+00	5.011950731277465820e-01
1.823959946632385254e+00	3.997258186340332031e+00	5.154009461402893066e-01
1.836344003677368164e+00	4.012968063354492188e+00	5.296266078948974609e-01
1.848726987838745117e+00	4.029236793518066406e+00	5.438359379768371582e-01
1.861107945442199707e+00	4.046033859252929688e+00	5.579876303672790527e-01
1.873488903045654297e+00	4.063251495361328125e+00	5.719795227050781250e-01
1.885867953300476074e+00	4.080819129943847656e+00	5.856863856315612793e-01
1.898246049880981445e+00	4.098836898803710938e+00	5.991434454917907715e-01
1.910622119903564453e+00	4.117144584655761719e+00	6.123450398445129395e-01
1.922997951507568359e+00	4.135756492614746094e+00	6.252363920211791992e-01
1.935371041297912598e+00	4.154609680175781250e+00	6.377086043357849121e-01
1.947744965553283691e+00	4.173746585845947266e+00	6.498586535453796387e-01
1.960116982460021973e+00	4.192967891693115234e+00	6.615983843803405762e-01
1.972488045692443848e+00	4.212177276611328125e+00	6.727876663208007812e-01
1.984856009483337402e+00	4.231400489807128906e+00	6.834532022476196289e-01
1.997225165367126465e+00	4.250771522521972656e+00	6.936611533164978027e-01
2.009593009948730469e+00	4.270328521728515625e+00	7.035092115402221680e-01
2.021958112716674805e+00	4.289895057678222656e+00	7.129606604576110840e-01
2.034322977066040039e+00	4.309394359588623047e+00	7.219031453132629395e-01
2.046686887741088867e+00	4.328929424285888672e+00	7.303646802902221680e-01
2.059048891067504883e+00	4.348451614379882812e+00	7.384005188941955566e-01
2.071410894393920898e+00	4.367872714996337891e+00	7.459938526153564453e-01
2.083771944046020508e+00	4.387203216552734375e+00	7.531108260154724121e-01
2.096132040023803711e+00	4.406479835510253906e+00	7.597502470016479492e-01
2.108490943908691406e+00	4.425718784332275391e+00	7.659892439842224121e-01
2.120848894119262695e+00	4.444841384887695312e+00	7.718337178230285645e-01
2.133205890655517578e+00	4.463915348052978516e+00	7.772803902626037598e-01
2.145562887191772461e+00	4.482910156250000000e+00	7.823243737220764160e-01
2.157917976379394531e+00	4.501757144927978516e+00	7.869684696197509766e-01
2.170272111892700195e+00	4.520401954650878906e+00	7.911765575408935547e-01
2.182626962661743164e+00	4.538963317871093750e+00	7.949399948120117188e-01
2.194979906082153320e+00	4.557539463043212891e+00	7.982831001281738281e-01
2.207331895828247070e+00	4.576131820678710938e+00	8.012550473213195801e-01
2.219685077667236328e+00	4.594701766967773438e+00	8.038620352745056152e-01
2.232036113739013672e+00	4.613204002380371094e+00	8.060772418975830078e-01
2.244386911392211914e+00	4.631654739379882812e+00	8.079288601875305176e-01
2.256737947463989258e+00	4.650130271911621094e+00	8.094167113304138184e-01
2.269087076187133789e+00	4.668577671051025391e+00	8.106029033660888672e-01
2.281436920166015625e+00	4.686838150024414062e+00	8.115246891975402832e-01
2.293786048889160156e+00	4.704854488372802734e+00	8.121620416641235352e-01
2.306135892868041992e+00	4.722626209259033203e+00	8.124673366546630859e-01
2.318483114242553711e+00	4.740205764770507812e+00	8.124486207962036133e-01
2.330832004547119141e+00	4.757627010345458984e+00	8.121256232261657715e-01
2.343180894851684570e+00	4.774838447570800781e+00	8.115147948265075684e-01
2.355528116226196289e+00	4.791895866394042969e+00	8.106033205986022949e-01
2.367877006530761719e+00	4.808857440948486328e+00	8.094156980514526367e-01
2.380225896835327148e+00	4.825690269470214844e+00	8.080096244812011719e-01
2.392573118209838867e+00	4.842342376708984375e+00	8.063807487487792969e-01
2.404921054840087891e+00	4.858715057373046875e+00	8.045189380645751953e-01
2.417268991470336914e+00	4.874854564666748047e+00	8.024280667304992676e-01
2.429617881774902344e+00	4.890825271606445312e+00	8.000765442848205566e-01
2.441967964172363281e+00	4.906708717346191406e+00	7.974751591682434082e-01
2.454318046569824219e+00	4.922421932220458984e+00	7.946969270706176758e-01
2.466669082641601562e+00	4.937874794006347656e+00	7.917621135711669922e-01
2.479017972946166992e+00	4.953177452087402344e+00	7.886002063751220703e-01
2.491369009017944336e+00	4.968404769897460938e+00	7.852200865745544434e-01
2.503720998764038086e+00	4.983462333679199219e+00	7.816894650459289551e-01
2.516074895858764648e+00	4.998299121856689453e+00	7.779957056045532227e-01
2.528428077697753906e+00	5.012960433959960938e+00	7.741276621818542480e-01
2.540781974792480469e+00	5.027432441711425781e+00	7.700762152671813965e-01
2.553138017654418945e+00	5.041743278503417969e+00	7.658465504646301270e-01
2.565495014190673828e+00	5.055974006652832031e+00	7.613753080368041992e-01
2.577853918075561523e+00	5.070063114166259766e+00	7.567951083183288574e-01
2.590213060379028320e+00	5.083927154541015625e+00	7.521889209747314453e-01
2.602574110031127930e+00	5.097392559051513672e+00	7.476192116737365723e-01
2.614937067031860352e+00	5.110476493835449219e+00	7.430927753448486328e-01
2.627300024032592773e+00	5.123186111450195312e+00	7.385448217391967773e-01
2.639666080474853516e+00	5.135601043701171875e+00	7.339280843734741211e-01
2.652033090591430664e+00	5.147775650024414062e+00	7.292394638061523438e-01
2.664402961730957031e+00	5.159716129302978516e+00	7.244974970817565918e-01
2.676774978637695312e+00	5.171337604522705078e+00	7.198221087455749512e-01
2.689150094985961914e+00	5.182610511779785156e+00	7.152267098426818848e-01
2.701525211334228516e+00	5.193535327911376953e+00	7.106955051422119141e-01
2.713904857635498047e+00	5.204130649566650391e+00	7.062355279922485352e-01
2.726285219192504883e+00	5.214492321014404297e+00	7.017368674278259277e-01
2.738668680191040039e+00	5.224608898162841797e+00	6.972555518150329590e-01
2.751055955886840820e+00	5.234522819519042969e+00	6.927245855331420898e-01
2.763444900512695312e+00	5.244218826293945312e+00	6.881960034370422363e-01
2.775837659835815430e+00	5.253727912902832031e+00	6.836559176445007324e-01
2.788234949111938477e+00	5.263038635253906250e+00	6.790899634361267090e-01
2.800633907318115234e+00	5.272154808044433594e+00	6.745261549949645996e-01
2.813035726547241211e+00	5.281060218811035156e+00	6.699932217597961426e-01
2.825443744659423828e+00	5.289707183837890625e+00	6.655772328376770020e-01
2.837853670120239258e+00	5.298131942749023438e+00	6.611907482147216797e-01
2.850267887115478516e+00	5.306364059448242188e+00	6.568321585655212402e-01
2.862685680389404297e+00	5.314367294311523438e+00	6.525588631629943848e-01
2.875107288360595703e+00	5.322140216827392578e+00	6.483685374259948730e-01
2.887536048889160156e+00	5.329722881317138672e+00	6.442149877548217773e-01
2.899967908859252930e+00	5.337113380432128906e+00	6.401240229606628418e-01
2.912403106689453125e+00	5.344354152679443359e+00	6.360406279563903809e-01
2.924845218658447266e+00	5.351476669311523438e+00	6.319391727447509766e-01
2.937289953231811523e+00	5.358448982238769531e+00	6.278638839721679688e-01
2.949742078781127930e+00	5.365289688110351562e+00	6.237936019897460938e-01
2.962198972702026367e+00	5.372083663940429688e+00	6.196260452270507812e-01
2.974661111831665039e+00	5.378719329833984375e+00	6.155541539192199707e-01
2.987129926681518555e+00	5.385224819183349609e+00	6.114940047264099121e-01
2.999605655670166016e+00	5.391649723052978516e+00	6.073716878890991211e-01
3.012085199356079102e+00	5.398025512695312500e+00	6.031641364097595215e-01
3.024573087692260742e+00	5.404347896575927734e+00	5.988855361938476562e-01
3.037065982818603516e+00	5.410665512084960938e+00	5.944578647613525391e-01
3.049566030502319336e+00	5.416957378387451172e+00	5.899385213851928711e-01
3.062073945999145508e+00	5.423209667205810547e+00	5.853584408760070801e-01
3.074588060379028320e+00	5.429358482360839844e+00	5.808188319206237793e-01
3.087110996246337891e+00	5.435404300689697266e+00	5.762969851493835449e-01
3.099639892578125000e+00	5.441387653350830078e+00	5.717090964317321777e-01
3.112178325653076172e+00	5.447369575500488281e+00	5.669853687286376953e-01
3.124722957611083984e+00	5.453323841094970703e+00	5.621824860572814941e-01
3.137276887893676758e+00	5.459245681762695312e+00	5.573256611824035645e-01
3.149839878082275391e+00	5.465087890625000000e+00	5.525034070014953613e-01
3.162411928176879883e+00	5.470841407775878906e+00	5.477237105369567871e-01
3.174992084503173828e+00	5.476453781127929688e+00	5.430713891983032227e-01
3.187582015991210938e+00	5.481908798217773438e+00	5.385763049125671387e-01
3.200181961059570312e+00	5.487207889556884766e+00	5.342288613319396973e-01
3.212790012359619141e+00	5.492379188537597656e+00	5.299686789512634277e-01
3.225409030914306641e+00	5.497433185577392578e+00	5.257638692855834961e-01
3.238039970397949219e+00	5.502382755279541016e+00	5.216229557991027832e-01
3.250679016113281250e+00	5.507240295410156250e+00	5.175192952156066895e-01
3.263329982757568359e+00	5.512041568756103516e+00	5.133786797523498535e-01
3.275992870330810547e+00	5.516786575317382812e+00	5.092319846153259277e-01
3.288665056228637695e+00	5.521499156951904297e+00	5.050210952758789062e-01
3.301350116729736328e+00	5.526165008544921875e+00	5.007972121238708496e-01
3.314047098159790039e+00	5.530797958374023438e+00	4.965134859085083008e-01
3.326756715774536133e+00	5.535426139831542969e+00	4.921607375144958496e-01
3.339478015899658203e+00	5.539985179901123047e+00	4.878845214843750000e-01
3.352212667465209961e+00	5.544438838958740234e+00	4.837195575237274170e-01
3.364960908889770508e+00	5.548805236816406250e+00	4.796185493469238281e-01
3.377720832824707031e+00	5.553106307983398438e+00	4.755184352397918701e-01
3.390496969223022461e+00	5.557356834411621094e+00	4.714145660400390625e-01
3.403285980224609375e+00	5.561577320098876953e+00	4.672503471374511719e-01
3.416090011596679688e+00	5.565780639648437500e+00	4.630190134048461914e-01
3.428909063339233398e+00	5.569917678833007812e+00	4.588618576526641846e-01
3.441741943359375000e+00	5.573990821838378906e+00	4.547543525695800781e-01
3.454590082168579102e+00	5.577966213226318359e+00	4.507911503314971924e-01
3.467453956604003906e+00	5.581781864166259766e+00	4.470573365688323975e-01
3.480334043502807617e+00	5.585499286651611328e+00	4.433821737766265869e-01
3.493231058120727539e+00	5.589158058166503906e+00	4.397030770778656006e-01
3.506145000457763672e+00	5.592765808105468750e+00	4.360196292400360107e-01
3.519076108932495117e+00	5.596322059631347656e+00	4.323632419109344482e-01
3.532023906707763672e+00	5.599855422973632812e+00	4.286634922027587891e-01
3.544990062713623047e+00	5.603374958038330078e+00	4.249211847782135010e-01
3.557974100112915039e+00	5.606844902038574219e+00	4.212314188480377197e-01
3.570977926254272461e+00	5.610284328460693359e+00	4.175157546997070312e-01
3.583997964859008789e+00	5.613708496093750000e+00	4.137722253799438477e-01
3.597039937973022461e+00	5.617093086242675781e+00	4.100551009178161621e-01
3.610100984573364258e+00	5.620434761047363281e+00	4.063567519187927246e-01
3.623183012008666992e+00	5.623723983764648438e+00	4.027136564254760742e-01
3.636282920837402344e+00	5.626957416534423828e+00	3.991351425647735596e-01
3.649405956268310547e+00	5.630114555358886719e+00	3.956441283226013184e-01
3.662549972534179688e+00	5.633233547210693359e+00	3.921563327312469482e-01
3.675715923309326172e+00	5.636340141296386719e+00	3.886070251464843750e-01
3.688904047012329102e+00	5.639451026916503906e+00	3.849707245826721191e-01
3.702114105224609375e+00	5.642530918121337891e+00	3.814030587673187256e-01
3.715347290039062500e+00	5.645509719848632812e+00	3.780450224876403809e-01
3.728605031967163086e+00	5.648412704467773438e+00	3.747864067554473877e-01
3.741885662078857422e+00	5.651280403137207031e+00	3.715246021747589111e-01
3.755189657211303711e+00	5.654110908508300781e+00	3.682857453823089600e-01
3.768519878387451172e+00	5.656911373138427734e+00	3.650403916835784912e-01
3.781876087188720703e+00	5.659685611724853516e+00	3.618198931217193604e-01
3.795256853103637695e+00	5.662366867065429688e+00	3.588011860847473145e-01
3.808665037155151367e+00	5.664937973022460938e+00	3.560132086277008057e-01
3.822097778320312500e+00	5.667418479919433594e+00	3.533809185028076172e-01
3.835559129714965820e+00	5.669866085052490234e+00	3.507443666458129883e-01
3.849047899246215820e+00	5.672283649444580078e+00	3.481046557426452637e-01
3.862565994262695312e+00	5.674670696258544922e+00	3.454918861389160156e-01
3.876111030578613281e+00	5.677012920379638672e+00	3.429395854473114014e-01
3.889684677124023438e+00	5.679315567016601562e+00	3.404327630996704102e-01
3.903289794921875000e+00	5.681602954864501953e+00	3.379064500331878662e-01
3.916923761367797852e+00	5.683856487274169922e+00	3.354138433933258057e-01
3.930589199066162109e+00	5.686066627502441406e+00	3.329863846302032471e-01
3.944286108016967773e+00	5.688242435455322266e+00	3.306005001068115234e-01
3.958014965057373047e+00	5.690377235412597656e+00	3.282858729362487793e-01
3.971775054931640625e+00	5.692471504211425781e+00	3.260501325130462646e-01
3.985569000244140625e+00	5.694544315338134766e+00	3.237853646278381348e-01
3.999393939971923828e+00	5.696618080139160156e+00	3.214584290981292725e-01
4.013255119323730469e+00	5.698685169219970703e+00	3.190990090370178223e-01
4.027149200439453125e+00	5.700752735137939453e+00	3.166705071926116943e-01
4.041079998016357422e+00	5.702812671661376953e+00	3.142090439796447754e-01
4.055044174194335938e+00	5.704846858978271484e+00	3.117895126342773438e-01
4.069046974182128906e+00	5.706844806671142578e+00	3.094339966773986816e-01
4.083084106445312500e+00	5.708813667297363281e+00	3.071363866329193115e-01
4.097159862518310547e+00	5.710735797882080078e+00	3.049218654632568359e-01
4.111272811889648438e+00	5.712640762329101562e+00	3.026929497718811035e-01
4.125424861907958984e+00	5.714509963989257812e+00	3.005685508251190186e-01
4.139616966247558594e+00	5.716335773468017578e+00	2.985399961471557617e-01
4.153848171234130859e+00	5.718101978302001953e+00	2.966934144496917725e-01
4.168118953704833984e+00	5.719815731048583984e+00	2.949481606483459473e-01
4.182431221008300781e+00	5.721512317657470703e+00	2.931898236274719238e-01
4.196784973144531250e+00	5.723201274871826172e+00	2.914132475852966309e-01
4.211181163787841797e+00	5.724872112274169922e+00	2.896622717380523682e-01
4.225618839263916016e+00	5.726529121398925781e+00	2.879060506820678711e-01
4.240101814270019531e+00	5.728145122528076172e+00	2.862668633460998535e-01
4.254629135131835938e+00	5.729720592498779297e+00	2.847282588481903076e-01
4.269199848175048828e+00	5.731262683868408203e+00	2.832206487655639648e-01
4.283816814422607422e+00	5.732778549194335938e+00	2.817774415016174316e-01
4.298480033874511719e+00	5.734269142150878906e+00	2.803666591644287109e-01
4.313190937042236328e+00	5.735746860504150391e+00	2.789390087127685547e-01
4.327949047088623047e+00	5.737224102020263672e+00	2.774631381034851074e-01
4.342753887176513672e+00	5.738698005676269531e+00	2.759242951869964600e-01
4.357610225677490234e+00	5.740182876586914062e+00	2.742869257926940918e-01
4.372513771057128906e+00	5.741675376892089844e+00	2.725747525691986084e-01
4.387469768524169922e+00	5.743181228637695312e+00	2.707599103450775146e-01
4.402474880218505859e+00	5.744706153869628906e+00	2.688607275485992432e-01
4.417532920837402344e+00	5.746197223663330078e+00	2.671204805374145508e-01
4.432644844055175781e+00	5.747646331787109375e+00	2.654932141304016113e-01
4.447809219360351562e+00	5.749070644378662109e+00	2.639199793338775635e-01
4.463027000427246094e+00	5.750472068786621094e+00	2.623840272426605225e-01
4.478300094604492188e+00	5.751835346221923828e+00	2.609637081623077393e-01
4.493628025054931641e+00	5.753175735473632812e+00	2.595741450786590576e-01
4.509013175964355469e+00	5.754507064819335938e+00	2.581575810909271240e-01
4.524455070495605469e+00	5.755846500396728516e+00	2.566606402397155762e-01
4.539955139160156250e+00	5.757183074951171875e+00	2.551107108592987061e-01
4.555513858795166016e+00	5.758523464202880859e+00	2.535507678985595703e-01
4.571132183074951172e+00	5.759828567504882812e+00	2.521197795867919922e-01
4.586811065673828125e+00	5.761098861694335938e+00	2.507798969745635986e-01
4.602550029754638672e+00	5.762350082397460938e+00	2.494404315948486328e-01
4.618350982666015625e+00	5.763599395751953125e+00	2.480679601430892944e-01
4.634216785430908203e+00	5.764839172363281250e+00	2.466982901096343994e-01
4.650144100189208984e+00	5.766083240509033203e+00	2.452571690082550049e-01
4.666135787963867188e+00	5.767335891723632812e+00	2.437306344509124756e-01
4.682194232940673828e+00	5.768598079681396484e+00	2.421361953020095825e-01
4.698318004608154297e+00	5.769890785217285156e+00	2.403727918863296509e-01
4.714509963989257812e+00	5.771191120147705078e+00	2.385677397251129150e-01
4.730769157409667969e+00	5.772507667541503906e+00	2.366453111171722412e-01
4.747095108032226562e+00	5.773824691772460938e+00	2.347435206174850464e-01
4.763493061065673828e+00	5.775115013122558594e+00	2.329473197460174561e-01
4.779961109161376953e+00	5.776402473449707031e+00	2.311153411865234375e-01
4.796501159667968750e+00	5.777684688568115234e+00	2.292842864990234375e-01
4.813111782073974609e+00	5.778967857360839844e+00	2.274095714092254639e-01
4.829795837402343750e+00	5.780235767364501953e+00	2.255757451057434082e-01
4.846555233001708984e+00	5.781500816345214844e+00	2.237010896205902100e-01
4.863389968872070312e+00	5.782774448394775391e+00	2.217388600111007690e-01
4.880300045013427734e+00	5.784050464630126953e+00	2.197604030370712280e-01
4.897287845611572266e+00	5.785283088684082031e+00	2.180308848619461060e-01
4.914352893829345703e+00	5.786435127258300781e+00	2.166898548603057861e-01
4.931497097015380859e+00	5.787534713745117188e+00	2.155362814664840698e-01
4.948720932006835938e+00	5.788599967956542969e+00	2.145044654607772827e-01
4.966025829315185547e+00	5.789632797241210938e+00	2.136069387197494507e-01
4.983411788940429688e+00	5.790644168853759766e+00	2.127309739589691162e-01
5.000882148742675781e+00	5.791640281677246094e+00	2.119129151105880737e-01
5.018435955047607422e+00	5.792585372924804688e+00	2.113395184278488159e-01
5.036074161529541016e+00	5.793494224548339844e+00	2.108816355466842651e-01
5.053798198699951172e+00	5.794379234313964844e+00	2.104876339435577393e-01
5.071609020233154297e+00	5.795254707336425781e+00	2.101232409477233887e-01
5.089509010314941406e+00	5.796120643615722656e+00	2.097517699003219604e-01
5.107497215270996094e+00	5.796977996826171875e+00	2.094093114137649536e-01
5.125574111938476562e+00	5.797827243804931641e+00	2.090696543455123901e-01
5.143743991851806641e+00	5.798677444458007812e+00	2.086986154317855835e-01
5.162004947662353516e+00	5.799520969390869141e+00	2.083305716514587402e-01
5.180359840393066406e+00	5.800359249114990234e+00	2.079758197069168091e-01
5.198809146881103516e+00	5.801196098327636719e+00	2.076079696416854858e-01
5.217351913452148438e+00	5.802022933959960938e+00	2.072819024324417114e-01
5.235993862152099609e+00	5.802849769592285156e+00	2.069388777017593384e-01
5.254732131958007812e+00	5.803686141967773438e+00	2.065314054489135742e-01
5.273569107055664062e+00	5.804525375366210938e+00	2.060960233211517334e-01
5.292504787445068359e+00	5.805365562438964844e+00	2.056123465299606323e-01
5.311542987823486328e+00	5.806210994720458984e+00	2.050985097885131836e-01
5.330683231353759766e+00	5.807064056396484375e+00	2.044953703880310059e-01
5.349925994873046875e+00	5.807935714721679688e+00	2.037623375654220581e-01
5.369274616241455078e+00	5.808825492858886719e+00	2.028693705797195435e-01
5.388727188110351562e+00	5.809732913970947266e+00	2.018458843231201172e-01
5.408288002014160156e+00	5.810659408569335938e+00	2.006782591342926025e-01
5.427955150604248047e+00	5.811607837677001953e+00	1.993502229452133179e-01
5.447731971740722656e+00	5.812587738037109375e+00	1.978152692317962646e-01
5.467618942260742188e+00	5.813580036163330078e+00	1.961899250745773315e-01
5.487617015838623047e+00	5.814568996429443359e+00	1.945587247610092163e-01
5.507729053497314453e+00	5.815569400787353516e+00	1.928127557039260864e-01
5.527954101562500000e+00	5.816576957702636719e+00	1.909925043582916260e-01
5.548295497894287109e+00	5.817617416381835938e+00	1.889137327671051025e-01
5.568751811981201172e+00	5.818667888641357422e+00	1.867457479238510132e-01
5.589326858520507812e+00	5.819736480712890625e+00	1.844395101070404053e-01
5.610021114349365234e+00	5.820802688598632812e+00	1.821856647729873657e-01
5.630836009979248047e+00	5.821843147277832031e+00	1.800350099802017212e-01
5.651770114898681641e+00	5.822884082794189453e+00	1.778536140918731689e-01
5.672830104827880859e+00	5.823949813842773438e+00	1.754746437072753906e-01
5.694012165069580078e+00	5.824993133544921875e+00	1.732804030179977417e-01
5.715320110321044922e+00	5.825986862182617188e+00	1.713893711566925049e-01
5.736753940582275391e+00	5.826948642730712891e+00	1.696676760911941528e-01
5.758316993713378906e+00	5.827862262725830078e+00	1.682507395744323730e-01
5.780010223388671875e+00	5.828732967376708984e+00	1.670141965150833130e-01
5.801833152770996094e+00	5.829586982727050781e+00	1.658267378807067871e-01
5.823785781860351562e+00	5.830433368682861328e+00	1.646026521921157837e-01
5.845874309539794922e+00	5.831268310546875000e+00	1.634169369935989380e-01
5.868099212646484375e+00	5.832094669342041016e+00	1.622478663921356201e-01
5.890459060668945312e+00	5.832912921905517578e+00	1.610785722732543945e-01
5.912954807281494141e+00	5.833737373352050781e+00	1.598461866378784180e-01
5.935591220855712891e+00	5.834557533264160156e+00	1.585740447044372559e-01
5.958367824554443359e+00	5.835385322570800781e+00	1.572399884462356567e-01
5.981285572052001953e+00	5.836210727691650391e+00	1.558753550052642822e-01
6.004345417022705078e+00	5.837048530578613281e+00	1.543617099523544312e-01
6.027553081512451172e+00	5.837903976440429688e+00	1.526683270931243896e-01
6.050904750823974609e+00	5.838788509368896484e+00	1.506989896297454834e-01
6.074403762817382812e+00	5.839700698852539062e+00	1.485620290040969849e-01
6.098052978515625000e+00	5.840596199035644531e+00	1.466003209352493286e-01
6.121852874755859375e+00	5.841464519500732422e+00	1.447126567363739014e-01
6.145803928375244141e+00	5.842327117919921875e+00	1.427800804376602173e-01
6.169909000396728516e+00	5.843208312988281250e+00	1.406261324882507324e-01
6.194169998168945312e+00	5.844124317169189453e+00	1.380846202373504639e-01
6.218585968017578125e+00	5.845052719116210938e+00	1.354999840259552002e-01
6.243158817291259766e+00	5.845924377441406250e+00	1.334976702928543091e-01
6.267893314361572266e+00	5.846718311309814453e+00	1.320296972990036011e-01
6.292788028717041016e+00	5.847488880157470703e+00	1.306490004062652588e-01
6.317845821380615234e+00	5.848244190216064453e+00	1.293189376592636108e-01
6.343068599700927734e+00	5.848988056182861328e+00	1.280010342597961426e-01
6.368454933166503906e+00	5.849726200103759766e+00	1.266658902168273926e-01
6.394011020660400391e+00	5.850458145141601562e+00	1.253558248281478882e-01
6.419734954833984375e+00	5.851191520690917969e+00	1.239631921052932739e-01
6.445630073547363281e+00	5.851915359497070312e+00	1.226408332586288452e-01
6.471696376800537109e+00	5.852612018585205078e+00	1.215527355670928955e-01
6.497937202453613281e+00	5.853295326232910156e+00	1.205073148012161255e-01
6.524353981018066406e+00	5.853967189788818359e+00	1.194675043225288391e-01
6.550947189331054688e+00	5.854641437530517578e+00	1.183780059218406677e-01
6.577719211578369141e+00	5.855320930480957031e+00	1.171574667096138000e-01
6.604671955108642578e+00	5.856004714965820312e+00	1.158266291022300720e-01
6.631805896759033203e+00	5.856696128845214844e+00	1.143647432327270508e-01
6.659123897552490234e+00	5.857401371002197266e+00	1.126848086714744568e-01
6.686627864837646484e+00	5.858129978179931641e+00	1.106669306755065918e-01
6.714319229125976562e+00	5.858911991119384766e+00	1.078934818506240845e-01
6.742198944091796875e+00	5.859750747680664062e+00	1.044318601489067078e-01
6.770268917083740234e+00	5.860612869262695312e+00	1.009288057684898376e-01
6.798532009124755859e+00	5.861378669738769531e+00	9.859940409660339355e-02
6.826989173889160156e+00	5.862080574035644531e+00	9.686935693025588989e-02
6.855641365051269531e+00	5.862755298614501953e+00	9.530184417963027954e-02
6.884491920471191406e+00	5.863407611846923828e+00	9.391366690397262573e-02
6.913541793823242188e+00	5.864045619964599609e+00	9.261987358331680298e-02
6.942792892456054688e+00	5.864666938781738281e+00	9.143911302089691162e-02
6.972247123718261719e+00	5.865276336669921875e+00	9.033893793821334839e-02
7.001905918121337891e+00	5.865874290466308594e+00	8.930570632219314575e-02
7.031770706176757812e+00	5.866464614868164062e+00	8.831457048654556274e-02
7.061845302581787109e+00	5.867047309875488281e+00	8.732806146144866943e-02
7.092129230499267578e+00	5.867623329162597656e+00	8.639006316661834717e-02
7.122625827789306641e+00	5.868190765380859375e+00	8.546847105026245117e-02
7.153336048126220703e+00	5.868757247924804688e+00	8.451667428016662598e-02
7.184261798858642578e+00	5.869320392608642578e+00	8.350782841444015503e-02
7.215405941009521484e+00	5.869883060455322266e+00	8.246938139200210571e-02
7.246769905090332031e+00	5.870441436767578125e+00	8.138091862201690674e-02
7.278355121612548828e+00	5.871003627777099609e+00	8.021481335163116455e-02
7.310163974761962891e+00	5.871563434600830078e+00	7.896650582551956177e-02
7.342197895050048828e+00	5.872125625610351562e+00	7.759944349527359009e-02
7.374460220336914062e+00	5.872691154479980469e+00	7.612644135951995850e-02
7.406950950622558594e+00	5.873260498046875000e+00	7.449728995561599731e-02
7.439672946929931641e+00	5.873830795288085938e+00	7.274713367223739624e-02
7.472627639770507812e+00	5.874411582946777344e+00	7.068400084972381592e-02
7.505818843841552734e+00	5.875004768371582031e+00	6.831627339124679565e-02
7.539247989654541016e+00	5.875587463378906250e+00	6.617315113544464111e-02
7.572915077209472656e+00	5.876124858856201172e+00	6.482521444559097290e-02
7.606822967529296875e+00	5.876639366149902344e+00	6.374805420637130737e-02
7.640974521636962891e+00	5.877143383026123047e+00	6.279856711626052856e-02
7.675372123718261719e+00	5.877636432647705078e+00	6.189250946044921875e-02
7.710017204284667969e+00	5.878127098083496094e+00	6.095049530267715454e-02
7.744911193847656250e+00	5.878614425659179688e+00	6.000288948416709900e-02
7.780055522918701172e+00	5.879096984863281250e+00	5.902221798896789551e-02
7.815454483032226562e+00	5.879579067230224609e+00	5.797941982746124268e-02
7.851109504699707031e+00	5.880061626434326172e+00	5.684201046824455261e-02
7.887022495269775391e+00	5.880540847778320312e+00	5.565899983048439026e-02
7.923195362091064453e+00	5.881017684936523438e+00	5.442020297050476074e-02
7.959630012512207031e+00	5.881492614746093750e+00	5.310873314738273621e-02
7.996328830718994141e+00	5.881970405578613281e+00	5.169048532843589783e-02
8.033295631408691406e+00	5.882448196411132812e+00	5.018058419227600098e-02
8.070528984069824219e+00	5.882931232452392578e+00	4.832282662391662598e-02
8.108034133911132812e+00	5.883410453796386719e+00	4.664028808474540710e-02
8.145812034606933594e+00	5.883855819702148438e+00	4.586649686098098755e-02
8.183865547180175781e+00	5.884273529052734375e+00	4.554350301623344421e-02
8.222195625305175781e+00	5.884678840637207031e+00	4.531734809279441833e-02
8.260805130004882812e+00	5.885076522827148438e+00	4.513952136039733887e-02
8.299695968627929688e+00	5.885469436645507812e+00	4.499051719903945923e-02
8.338871002197265625e+00	5.885857582092285156e+00	4.486083239316940308e-02
8.378333091735839844e+00	5.886239051818847656e+00	4.474505037069320679e-02
8.418084144592285156e+00	5.886618137359619141e+00	4.463979229331016541e-02
8.458126068115234375e+00	5.886993885040283203e+00	4.454278200864791870e-02
8.498459815979003906e+00	5.887362957000732422e+00	4.445246234536170959e-02
8.539091110229492188e+00	5.887730598449707031e+00	4.436760395765304565e-02
8.580018997192382812e+00	5.888094425201416016e+00	4.428731277585029602e-02
8.621247291564941406e+00	5.888454437255859375e+00	4.421084746718406677e-02
8.662777900695800781e+00	5.888810157775878906e+00	4.413760453462600708e-02
8.704613685607910156e+00	5.889163494110107422e+00	4.406713321805000305e-02
8.746756553649902344e+00	5.889512062072753906e+00	4.399901628494262695e-02
8.789209365844726562e+00	5.889859199523925781e+00	4.393290728330612183e-02
8.831973075866699219e+00	5.890201091766357422e+00	4.386848956346511841e-02
8.875052452087402344e+00	5.890541076660156250e+00	4.380555078387260437e-02
8.918448448181152344e+00	5.890877246856689453e+00	4.374386370182037354e-02
8.962162971496582031e+00	5.891209125518798828e+00	4.368324950337409973e-02
9.006199836730957031e+00	5.891539573669433594e+00	4.362351447343826294e-02
9.050561904907226562e+00	5.891868114471435547e+00	4.356456175446510315e-02
9.095250129699707031e+00	5.892189502716064453e+00	4.350620508193969727e-02
9.140265464782714844e+00	5.892509937286376953e+00	4.344829916954040527e-02
9.185614585876464844e+00	5.892827987670898438e+00	4.339073598384857178e-02
9.231296539306640625e+00	5.893142223358154297e+00	4.333344101905822754e-02
9.277317047119140625e+00	5.893452644348144531e+00	4.327630996704101562e-02
9.323676109313964844e+00	5.893761634826660156e+00	4.321924224495887756e-02
9.370375633239746094e+00	5.894065856933593750e+00	4.316214844584465027e-02
9.417420387268066406e+00	5.894366741180419922e+00	4.310497269034385681e-02
9.464812278747558594e+00	5.894665718078613281e+00	4.304761067032814026e-02
9.512553215026855469e+00	5.894959926605224609e+00	4.298999533057212830e-02
9.560647010803222656e+00	5.895251274108886719e+00	4.293210059404373169e-02
9.609094619750976562e+00	5.895539760589599609e+00	4.287385940551757812e-02
9.657899856567382812e+00	5.895823955535888672e+00	4.281522706151008606e-02
9.707065582275390625e+00	5.896106243133544922e+00	4.275617003440856934e-02
9.756592750549316406e+00	5.896386146545410156e+00	4.269663989543914795e-02
9.806485176086425781e+00	5.896661758422851562e+00	4.263657331466674805e-02
9.856746673583984375e+00	5.896936416625976562e+00	4.257595911622047424e-02
9.907378196716308594e+00	5.897205829620361328e+00	4.251474142074584961e-02
9.958380699157714844e+00	5.897470951080322266e+00	4.245285689830780029e-02
1.000975990295410156e+01	5.897733211517333984e+00	4.239026084542274475e-02
1.006151962280273438e+01	5.897994995117187500e+00	4.232687875628471375e-02
1.011365985870361328e+01	5.898252487182617188e+00	4.226255416870117188e-02
1.016619014739990234e+01	5.898505687713623047e+00	4.219708964228630066e-02
1.021909999847412109e+01	5.898756027221679688e+00	4.213058203458786011e-02
1.027239990234375000e+01	5.899004936218261719e+00	4.206304252147674561e-02
1.032610034942626953e+01	5.899250030517578125e+00	4.199441149830818176e-02
1.038018989562988281e+01	5.899492263793945312e+00	4.192464426159858704e-02
1.043467998504638672e+01	5.899729728698730469e+00	4.185368493199348450e-02
1.048956966400146484e+01	5.899966716766357422e+00	4.178151860833168030e-02
1.054485988616943359e+01	5.900198459625244141e+00	4.170811176300048828e-02
1.060056018829345703e+01	5.900425434112548828e+00	4.163343086838722229e-02
1.065666961669921875e+01	5.900651931762695312e+00	4.155738279223442078e-02
1.071319007873535156e+01	5.900873184204101562e+00	4.147994145750999451e-02
1.077013015747070312e+01	5.901093006134033203e+00	4.140105843544006348e-02
1.082748889923095703e+01	5.901308059692382812e+00	4.132068902254104614e-02
1.088525962829589844e+01	5.901521682739257812e+00	4.123882204294204712e-02
1.094347000122070312e+01	5.901730537414550781e+00	4.115545749664306641e-02
1.100209045410156250e+01	5.901937484741210938e+00	4.107058048248291016e-02
1.106114959716796875e+01	5.902140617370605469e+00	4.098420590162277222e-02
1.112065029144287109e+01	5.902340888977050781e+00	4.089630022644996643e-02
1.118056964874267578e+01	5.902536392211914062e+00	4.080685600638389587e-02
1.124093914031982422e+01	5.902730941772460938e+00	4.071587324142456055e-02
1.130174922943115234e+01	5.902920246124267578e+00	4.062331840395927429e-02
1.136301040649414062e+01	5.903106689453125000e+00	4.052921012043952942e-02
1.142471027374267578e+01	5.903290748596191406e+00	4.043352976441383362e-02
1.148686027526855469e+01	5.903470993041992188e+00	4.033625498414039612e-02
1.154946899414062500e+01	5.903646469116210938e+00	4.023737087845802307e-02
1.161254024505615234e+01	5.903820037841796875e+00	4.013686254620552063e-02
1.167605972290039062e+01	5.903990745544433594e+00	4.003475233912467957e-02
1.174005031585693359e+01	5.904156208038330078e+00	3.993107751011848450e-02
1.180451107025146484e+01	5.904319763183593750e+00	3.982584923505783081e-02
1.186944007873535156e+01	5.904480457305908203e+00	3.971907496452331543e-02
1.193484020233154297e+01	5.904634952545166016e+00	3.961078822612762451e-02
1.200070858001708984e+01	5.904788494110107422e+00	3.950104117393493652e-02
1.206706905364990234e+01	5.904938220977783203e+00	3.938986361026763916e-02
1.213390922546386719e+01	5.905081748962402344e+00	3.927729278802871704e-02
1.220123004913330078e+01	5.905225276947021484e+00	3.916334360837936401e-02
1.226904964447021484e+01	5.905362129211425781e+00	3.904808312654495239e-02
1.233734989166259766e+01	5.905496120452880859e+00	3.893155232071876526e-02
1.240616035461425781e+01	5.905627250671386719e+00	3.881384432315826416e-02
1.247546005249023438e+01	5.905753612518310547e+00	3.869502618908882141e-02
1.254526042938232422e+01	5.905877590179443359e+00	3.857521340250968933e-02
1.261557006835937500e+01	5.905994892120361328e+00	3.845450654625892639e-02
1.268638992309570312e+01	5.906112194061279297e+00	3.833301365375518799e-02
1.275771999359130859e+01	5.906222820281982422e+00	3.821085393428802490e-02
1.282956027984619141e+01	5.906331539154052734e+00	3.808813169598579407e-02
1.290192985534667969e+01	5.906434535980224609e+00	3.796494379639625549e-02
1.297480964660644531e+01	5.906535148620605469e+00	3.784142062067985535e-02
1.304823017120361328e+01	5.906632423400878906e+00	3.771763294935226440e-02
1.312217044830322266e+01	5.906724452972412109e+00	3.759373724460601807e-02
1.319664001464843750e+01	5.906811237335205078e+00	3.746987134218215942e-02
1.327165031433105469e+01	5.906895160675048828e+00	3.734618797898292542e-02
1.334720039367675781e+01	5.906974315643310547e+00	3.722279146313667297e-02
1.342329120635986328e+01	5.907049179077148438e+00	3.709994629025459290e-02
1.349993038177490234e+01	5.907119750976562500e+00	3.697800636291503906e-02
1.357711982727050781e+01	5.907186031341552734e+00	3.685771301388740540e-02
1.365485954284667969e+01	5.907244205474853516e+00	3.673969954252243042e-02
1.373316001892089844e+01	5.907298564910888672e+00	3.662209585309028625e-02
1.381202030181884766e+01	5.907358646392822266e+00	3.648127242922782898e-02
1.389144992828369141e+01	5.907413005828857422e+00	3.635197505354881287e-02
1.397144031524658203e+01	5.907454967498779297e+00	3.623833134770393372e-02
1.405200004577636719e+01	5.907489776611328125e+00	3.614426031708717346e-02
1.413313865661621094e+01	5.907517433166503906e+00	3.607374429702758789e-02
1.421485042572021484e+01	5.907533645629882812e+00	3.602967411279678345e-02
1.429714965820312500e+01	5.907537937164306641e+00	3.601348027586936951e-02
